617	224	3
-1.6582235097885132	0.3913012742996216	0.10863764584064484	0.200068861246109	0.48782092332839966	1.0	0	0.0	0	0.0	0	0.0	1.0	0.0	-0.1645553708076477	0.0	-0.9863678216934204	-0.9863678216934204	0.0	0.1645553708076477
-1.5131179094314575	0.3913012742996216	1.110487461090088	0.07185494899749756	0.49083617329597473	1.0	0	0.0	0	0.0	0	0.0	1.0	0.0	-0.1645553559064865	0.0	-0.9863678216934204	-0.9863678216934204	0.0	0.1645553559064865
-1.323039174079895	0.3913012742996216	1.151138186454773	0.06281280517578125	0.4657512605190277	1.0	0	0.0	0	0.0	0	0.0	1.0	0.0	-0.1645553857088089	0.0	-0.9863678812980652	-0.9863678812980652	0.0	0.1645553857088089
-1.323039174079895	0.3913012742996216	1.151138186454773	0.8038168549537659	0.3942178189754486	1.0	0	0.0	0	0.0	0	-0.20913344621658325	0.0	0.9778870940208435	-1.1849555448861793e-05	1.0	-2.5341762466268847e-06	-0.9778871536254883	-1.2117508049414027e-05	-0.20913346111774445
-1.5131179094314575	-0.02558732219040394	1.110487461090088	0.7511773109436035	0.4205933213233948	1.0	0	0.0	0	0.0	0	-0.20913344621658325	0.0	0.9778870940208435	-1.1681033356580883e-05	1.0	-2.4981359274534043e-06	-0.9778870940208435	-1.194517517433269e-05	-0.20913344621658325
-1.323039174079895	-0.02558732219040394	1.151138186454773	0.7510261535644531	0.3942185044288635	1.0	0	0.0	0	0.0	0	-0.20913344621658325	0.0	0.9778870940208435	-1.1728279787348583e-05	1.0	-2.5082399588427506e-06	-0.9778870940208435	-1.1993490261374973e-05	-0.20913344621658325
-1.8951528072357178	0.3913012742996216	-0.10660332441329956	0.803971529006958	0.139547660946846	1.0	0	0.0	0	0.0	0	-0.8866297602653503	0.19690649211406708	-0.41846805810928345	-0.21675562858581543	-0.9762259721755981	-0.00010335123806726187	-0.408539742231369	0.09061367064714432	0.9082315564155579
-1.5131179094314575	-0.02558732219040394	-1.112203598022461	0.856817901134491	1.6539745573140863e-08	1.0	0	0.0	0	0.0	0	-0.8866297602653503	0.19690649211406708	-0.41846805810928345	-0.21675558388233185	-0.9762258529663086	-0.00010335745173506439	-0.408539742231369	0.09061365574598312	0.9082315564155579
-1.9877371788024902	-0.02558732219040394	-0.10660332441329956	0.8567769527435303	0.13955378532409668	1.0	0	0.0	0	0.0	0	-0.8866297602653503	0.19690649211406708	-0.41846805810928345	-0.21675561368465424	-0.9762259125709534	-0.00010335747356293723	-0.40853971242904663	0.09061365574598312	0.9082314968109131
1.7106993198394775	-0.43490612506866455	0.10716543346643448	0.47961294651031494	0.496655136346817	1.0	0	0.0	0	0.0	0	0.0	-1.0	0.0	-0.16457007825374603	0.0	-0.9863653779029846	0.9863653779029846	0.0	-0.16457007825374603
1.5182801485061646	-0.43490612506866455	1.110487461090088	0.35825204849243164	0.4474126696586609	1.0	0	0.0	0	0.0	0	0.0	-1.0	0.0	-0.16457009315490723	0.0	-0.9863653779029846	0.9863653779029846	0.0	-0.16457009315490723
1.401055932044983	-0.43490612506866455	1.1353880167007446	0.35758450627326965	0.43080154061317444	1.0	0	0.0	0	0.0	0	0.0	-1.0	0.0	-0.16457010805606842	0.0	-0.9863654375076294	0.9863654375076294	0.0	-0.16457010805606842
1.8537838459014893	0.3913012742996216	0.10483792424201965	0.9999975562095642	0.589462399482727	1.0	0	0.0	0	0.0	0	0.9136779308319092	0.16291876137256622	0.37235763669013977	-0.17555655539035797	0.9844694137573242	3.6574558180291206e-05	-0.3665686845779419	-0.06540323793888092	0.9280893206596375
1.5182801485061646	-0.02558732219040394	1.110487461090088	0.9471604228019714	0.7289822101593018	1.0	0	0.0	0	0.0	0	0.9136779308319092	0.16291876137256622	0.37235763669013977	-0.17555655539035797	0.9844693541526794	3.658010609797202e-05	-0.3665687143802643	-0.06540324538946152	0.9280893802642822
1.9281196594238281	-0.02558732219040394	0.10483790934085846	0.9471893906593323	0.589464545249939	1.0	0	0.0	0	0.0	0	0.9136779308319092	0.16291876137256622	0.37235763669013977	-0.17555655539035797	0.9844693541526794	3.658010609797202e-05	-0.3665687143802643	-0.06540324538946152	0.9280893802642822
1.401055932044983	0.3913012742996216	-1.131626009941101	0.803862988948822	0.8249242901802063	1.0	0	0.0	0	0.0	0	0.16345758736133575	0.0	-0.9865503907203674	-9.27254768612329e-06	1.0	-1.536331296847493e-06	0.9865503907203674	9.398961083206814e-06	0.16345758736133575
1.5182801485061646	-0.02558732219040394	-1.112203598022461	0.7511432766914368	0.8411871790885925	1.0	0	0.0	0	0.0	0	0.16345758736133575	0.0	-0.9865503907203674	-9.27437395148445e-06	1.0	-1.5366339312095079e-06	0.9865503907203674	9.400811904924922e-06	0.16345758736133575
1.401055932044983	-0.02558732219040394	-1.131626009941101	0.7510718107223511	0.8249237537384033	1.0	0	0.0	0	0.0	0	0.16345758736133575	0.0	-0.9865503907203674	-9.27487235458102e-06	1.0	-1.5367165815405315e-06	0.9865503907203674	9.401316674484406e-06	0.16345758736133575
-1.323039174079895	-0.02558732219040394	-1.1439111232757568	0.7510266304016113	0.44696855545043945	1.0	0	0.0	0	0.0	0	-0.19650430977344513	0.20204128324985504	-0.959460973739624	6.0115213273093104e-05	0.978542149066925	0.20604704320430756	0.9805030226707458	0.04043145105242729	-0.19229990243911743
-0.0025533707812428474	0.21266718208789825	-1.3641847372055054	0.7803865671157837	0.6301906108856201	1.0	0	0.0	0	0.0	0	-0.19650430977344513	0.20204128324985504	-0.959460973739624	6.0112284700153396e-05	0.978542149066925	0.20604704320430756	0.9805030226707458	0.04043145477771759	-0.19229990243911743
-0.0025533707812428474	-0.02558732219040394	-1.4143558740615845	0.7500314712524414	0.6301926374435425	1.0	0	0.0	0	0.0	0	-0.19650430977344513	0.20204128324985504	-0.959460973739624	6.011228106217459e-05	0.9785420894622803	0.20604702830314636	0.9805029630661011	0.04043145477771759	-0.19229988753795624
-0.0025533707812428474	-0.5573369860649109	0.1350346803665161	0.5118417739868164	0.26155754923820496	1.0	0	0.0	0	0.0	0	-0.07410190254449844	-0.9969660043716431	0.02382521517574787	-0.1645621359348297	-0.011338881216943264	-0.9863015413284302	0.9835793375968933	-0.07700755447149277	-0.16322264075279236
-1.323039174079895	-0.43490612506866455	1.151138186454773	0.41240981221199036	0.05763957276940346	1.0	0	0.0	0	0.0	0	-0.07410190254449844	-0.9969660043716431	0.02382521517574787	-0.1645621359348297	-0.011338881216943264	-0.9863015413284302	0.9835793375968933	-0.07700755447149277	-0.16322264075279236
-1.6582235097885132	-0.43490612506866455	0.10863769799470901	0.5496660470962524	0.03557217866182327	1.0	0	0.0	0	0.0	0	-0.07410190254449844	-0.9969660043716431	0.02382521517574787	-0.1645621508359909	-0.01133888028562069	-0.9863015413284302	0.9835793375968933	-0.07700755447149277	-0.16322267055511475
1.401055932044983	-0.02558732219040394	1.1353880167007446	0.7510847449302673	0.01626361347734928	1.0	0	0.0	0	0.0	0	0.24108637869358063	0.24520549178123474	0.9390162825584412	8.948563481681049e-05	0.9675499796867371	-0.2526794672012329	-0.9705036878585815	0.06100161373615265	0.23324120044708252
-0.0025533707812428474	0.21266718208789825	1.4335402250289917	0.7801466584205627	0.21099112927913666	1.0	0	0.0	0	0.0	0	0.24108637869358063	0.24520549178123474	0.9390162825584412	8.94928234629333e-05	0.9675499796867371	-0.2526794672012329	-0.9705036878585815	0.061001621186733246	0.23324120044708252
-0.0025533707812428474	-0.02558732219040394	1.495755672454834	0.7497451305389404	0.21098807454109192	1.0	0	0.0	0	0.0	0	0.24108637869358063	0.24520549178123474	0.9390162825584412	8.948923641582951e-05	0.9675500392913818	-0.2526794970035553	-0.9705036282539368	0.06100161746144295	0.23324118554592133
-0.0025533707812428474	0.3913012742996216	0.1350346803665161	0.16225509345531464	0.26183846592903137	1.0	0	0.0	0	0.0	0	0.0	1.0	0.0	-0.16455553472042084	0.0	-0.9863678216934204	-0.9863678216934204	0.0	0.16455553472042084
1.401055932044983	0.3913012742996216	1.1353880167007446	0.007992553524672985	0.09258826822042465	1.0	0	0.0	0	0.0	0	0.0	1.0	0.0	-0.16455551981925964	0.0	-0.9863677620887756	-0.9863677620887756	0.0	0.16455551981925964
1.7106993198394775	0.3913012742996216	0.10716545581817627	0.13002192974090576	0.02673664689064026	1.0	0	0.0	0	0.0	0	0.0	1.0	0.0	-0.16455553472042084	0.0	-0.9863678812980652	-0.9863678812980652	0.0	0.16455553472042084
1.7106993198394775	0.3913012742996216	0.10716545581817627	0.3496972918510437	0.5233922004699707	1.0	0	0.0	0	0.0	0	-0.016264699399471283	0.0	-0.9998677372932434	-2.93239008897217e-06	-1.0	4.7700751792945084e-08	-0.9998677372932434	2.932777988462476e-06	0.016264699399471283
-0.0025533707812428474	0.09202015399932861	0.1350346803665161	0.38749587535858154	0.7610993981361389	1.0	0	0.0	0	0.0	0	-0.016264699399471283	0.0	-0.9998677372932434	-2.93239008897217e-06	-1.0	4.7700751792945084e-08	-0.9998677372932434	2.932777988462476e-06	0.016264699399471283
-0.0025533707812428474	0.3913012742996216	0.1350346803665161	0.3495975136756897	0.7610995173454285	1.0	0	0.0	0	0.0	0	-0.016264699399471283	0.0	-0.9998677372932434	-2.93239008897217e-06	-1.0	4.7700751792945084e-08	-0.9998677372932434	2.932777988462476e-06	0.016264699399471283
-1.6570014953613281	-0.43490612506866455	-0.10967191308736801	0.5769199728965759	0.04072417691349983	1.0	0	0.0	0	0.0	0	-0.07222544401884079	-0.9971156120300293	-0.023322131484746933	-0.1644628793001175	0.03496936708688736	-0.9857631921768188	0.9837354421615601	-0.06736155599355698	-0.16651417315006256
-0.0025533707812428474	-0.5573369860649109	0.001144210807979107	0.5285723805427551	0.26461470127105713	1.0	0	0.0	0	0.0	0	-0.07222544401884079	-0.9971156120300293	-0.023322131484746933	-0.1644628793001175	0.03496936708688736	-0.9857631921768188	0.9837354421615601	-0.06736155599355698	-0.16651417315006256
-1.6927847862243652	-0.43490612506866455	0.001144210807979107	0.5638186931610107	0.03329678997397423	1.0	0	0.0	0	0.0	0	-0.07222544401884079	-0.9971156120300293	-0.023322131484746933	-0.1644628942012787	0.03496937081217766	-0.9857632517814636	0.9837355017662048	-0.06736156344413757	-0.16651418805122375
1.926896572113037	-0.02558732219040394	-0.10660329461097717	0.9471893310546875	0.5601279735565186	1.0	0	0.0	0	0.0	0	0.9356437921524048	0.16683554649353027	-0.31102532148361206	-0.17553038895130157	0.9844740629196167	3.651731094578281e-05	0.30620241165161133	0.05456022173166275	0.9504016637802124
1.8883780241012573	0.3913012742996216	0.001144210807979107	1.0	0.5750763416290283	1.0	0	0.0	0	0.0	0	0.9356437921524048	0.16683554649353027	-0.31102532148361206	-0.17553038895130157	0.9844740629196167	3.651267979876138e-05	0.30620241165161133	0.05456022918224335	0.9504016637802124
1.9627138376235962	-0.02558732219040394	0.001144210807979107	0.9471918344497681	0.5750784873962402	1.0	0	0.0	0	0.0	0	0.9356437921524048	0.16683554649353027	-0.31102532148361206	-0.17553038895130157	0.9844740629196167	3.6512676160782576e-05	0.30620241165161133	0.05456022545695305	0.9504016637802124
1.8525607585906982	-0.43490612506866455	-0.10660326480865479	0.5033673048019409	0.520950436592102	1.0	0	0.0	0	0.0	0	0.0	-1.0	0.0	-0.16456909477710724	0.0	-0.9863654971122742	0.9863654971122742	0.0	-0.16456909477710724
1.7426270246505737	-0.43490612506866455	0.001144210807979107	0.4921954274177551	0.5034453868865967	1.0	0	0.0	0	0.0	0	0.0	-1.0	0.0	-0.16456960141658783	0.0	-0.9863654971122742	0.9863654971122742	0.0	-0.16456960141658783
1.7095706462860107	-0.43490612506866455	-0.10848293453454971	0.5065833330154419	0.5014246702194214	1.0	0	0.0	0	0.0	0	0.0	-1.0	0.0	-0.1645708829164505	0.0	-0.9863652586936951	0.9863652586936951	0.0	-0.1645708829164505
-1.9891350269317627	-0.02558732219040394	0.10483792424201965	0.8567768335342407	0.16889038681983948	1.0	0	0.0	0	0.0	0	-0.9148955345153809	0.2031838446855545	0.3488304316997528	-0.21683962643146515	-0.9762072563171387	-0.00010338309220969677	0.3405097723007202	-0.07573483884334564	0.9371858835220337
-1.936086893081665	0.3913012742996216	0.001144210807979107	0.8039680123329163	0.1544998437166214	1.0	0	0.0	0	0.0	0	-0.9148955345153809	0.2031838446855545	0.3488304316997528	-0.21683959662914276	-0.9762071967124939	-0.00010339348227716982	0.3405097424983978	-0.07573483884334564	0.9371858239173889
-2.0286712646484375	-0.02558732219040394	0.001144210807979107	0.8567734360694885	0.15450596809387207	1.0	0	0.0	0	0.0	0	-0.9148955345153809	0.2031838446855545	0.3488304316997528	-0.21683964133262634	-0.9762073159217834	-0.00010338830179534853	0.3405097723007202	-0.07573484629392624	0.9371859431266785
-1.8951528072357178	0.3913012742996216	-0.10660332441329956	0.231904074549675	0.5153314471244812	1.0	0	0.0	0	0.0	0	0.0	1.0	0.0	-0.16455437242984772	0.0	-0.9863680601119995	-0.9863680005073547	0.0	0.16455435752868652
-1.6927847862243652	0.3913012742996216	0.001144210807979107	0.21422149240970612	0.4900965392589569	1.0	0	0.0	0	0.0	0	0.0	1.0	0.0	-0.1645543873310089	0.0	-0.9863680601119995	-0.9863680005073547	0.0	0.16455437242984772
-1.6570014953613281	0.3913012742996216	-0.10967191308736801	0.22732284665107727	0.4826693832874298	1.0	0	0.0	0	0.0	0	0.0	1.0	0.0	-0.16455437242984772	0.0	-0.9863680005073547	-0.9863680601119995	0.0	0.16455437242984772
-1.5131179094314575	-0.02558732219040394	1.110487461090088	0.8568178415298462	0.30838823318481445	1.0	0	0.0	0	0.0	0	-0.8861798644065857	0.19680657982826233	0.41946694254875183	-0.21684879064559937	-0.9762051701545715	-0.00010357541032135487	0.40946540236473083	-0.09105268865823746	0.9077706336975098
-1.8965506553649902	0.3913012742996216	0.10483789443969727	0.8039714097976685	0.1688842475414276	1.0	0	0.0	0	0.0	0	-0.8861798644065857	0.19680657982826233	0.41946694254875183	-0.21684880554676056	-0.9762052297592163	-0.00010358166764490306	0.40946537256240845	-0.09105268865823746	0.907770574092865
-1.9891350269317627	-0.02558732219040394	0.10483792424201965	0.8567768335342407	0.16889038681983948	1.0	0	0.0	0	0.0	0	-0.8861798644065857	0.19680657982826233	0.41946694254875183	-0.21684880554676056	-0.9762052297592163	-0.00010358792496845126	0.40946537256240845	-0.09105269610881805	0.907770574092865
1.7426270246505737	0.3913012742996216	0.001144210807979107	0.7130801677703857	0.9340594410896301	1.0	0	0.0	0	0.0	0	-0.9575242400169373	0.0	-0.2883530855178833	-0.2883530855178833	-0.00019399405573494732	0.9575241804122925	-5.593877722276375e-05	1.0	0.0001857539900811389
1.7106993198394775	0.09202015399932861	0.10716545581817627	0.7265133261680603	0.8925385475158691	1.0	0	0.0	0	0.0	0	-0.9575242400169373	0.0	-0.2883530855178833	-0.2883530557155609	-0.0001939940411830321	0.9575241208076477	-5.5938780860742554e-05	1.0	0.00018575400463305414
1.7106993198394775	0.3913012742996216	0.10716545581817627	0.7265133261680603	0.9340624213218689	1.0	0	0.0	0	0.0	0	-0.9575242400169373	0.0	-0.2883530855178833	-0.2883530855178833	-0.00019399405573494732	0.9575241804122925	-5.593877722276375e-05	1.0	0.0001857539900811389
-0.0025533707812428474	-0.5573369860649109	0.001144210807979107	0.5285723805427551	0.26461470127105713	1.0	0	0.0	0	0.0	0	-0.07222561538219452	-0.9971179962158203	0.02322196029126644	-0.16456365585327148	-0.011050062254071236	-0.9863045811653137	0.9837186336517334	-0.07505794614553452	-0.16329129040241241
-1.6582235097885132	-0.43490612506866455	0.10863769799470901	0.5496660470962524	0.03557217866182327	1.0	0	0.0	0	0.0	0	-0.07222561538219452	-0.9971179962158203	0.02322196029126644	-0.16456367075443268	-0.011050061322748661	-0.9863046407699585	0.9837185740470886	-0.07505794614553452	-0.16329129040241241
-1.6927847862243652	-0.43490612506866455	0.001144210807979107	0.5638186931610107	0.03329678997397423	1.0	0	0.0	0	0.0	0	-0.07222561538219452	-0.9971179962158203	0.02322196029126644	-0.16456367075443268	-0.011050061322748661	-0.9863046407699585	0.9837185740470886	-0.07505794614553452	-0.16329129040241241
1.8883780241012573	0.3913012742996216	0.001144210807979107	1.0	0.5750763416290283	1.0	0	0.0	0	0.0	0	0.9353165030479431	0.16677719354629517	0.31203925609588623	-0.17555396258831024	0.9844698905944824	3.65157138730865e-05	-0.30718713998794556	-0.05481387674808502	0.9500692486763
1.9281196594238281	-0.02558732219040394	0.10483790934085846	0.9471893906593323	0.589464545249939	1.0	0	0.0	0	0.0	0	0.9353165030479431	0.16677719354629517	0.31203925609588623	-0.17555396258831024	0.9844698309898376	3.652036321000196e-05	-0.30718713998794556	-0.05481388419866562	0.9500692486763
1.9627138376235962	-0.02558732219040394	0.001144210807979107	0.9471918344497681	0.5750784873962402	1.0	0	0.0	0	0.0	0	0.9353165030479431	0.16677719354629517	0.31203925609588623	-0.17555396258831024	0.9844698309898376	3.6525012546917424e-05	-0.30718713998794556	-0.05481388792395592	0.9500692486763
1.7426270246505737	-0.43490612506866455	0.001144210807979107	0.4921954274177551	0.5034453868865967	1.0	0	0.0	0	0.0	0	0.0	-1.0	0.0	-0.16457003355026245	0.0	-0.9863654375076294	0.9863654375076294	0.0	-0.16457003355026245
1.8537838459014893	-0.43490612506866455	0.10483789443969727	0.4769206643104553	0.5162899494171143	1.0	0	0.0	0	0.0	0	0.0	-1.0	0.0	-0.16457003355026245	0.0	-0.9863654375076294	0.9863654375076294	0.0	-0.16457003355026245
1.7106993198394775	-0.43490612506866455	0.10716543346643448	0.47961294651031494	0.496655136346817	1.0	0	0.0	0	0.0	0	0.0	-1.0	0.0	-0.16457003355026245	0.0	-0.9863654375076294	0.9863654375076294	0.0	-0.16457003355026245
-1.6927847862243652	0.3913012742996216	0.001144210807979107	0.21422149240970612	0.4900965392589569	1.0	0	0.0	0	0.0	0	0.0	1.0	0.0	-0.16455666720867157	0.0	-0.9863677024841309	-0.9863677024841309	0.0	0.16455666720867157
-1.8965506553649902	0.3913012742996216	0.10483789443969727	0.20551198720932007	0.5203502178192139	1.0	0	0.0	0	0.0	0	0.0	1.0	0.0	-0.16455665230751038	0.0	-0.9863675832748413	-0.9863675832748413	0.0	0.16455665230751038
-1.6582235097885132	0.3913012742996216	0.10863764584064484	0.200068861246109	0.48782092332839966	1.0	0	0.0	0	0.0	0	0.0	1.0	0.0	-0.16455665230751038	0.0	-0.9863676428794861	-0.9863676428794861	0.0	0.16455665230751038
-1.5131179094314575	0.3913012742996216	-1.112203598022461	0.3495975136756897	0.44008922576904297	1.0	0	0.0	0	0.0	0	0.0	1.0	0.0	-0.16455529630184174	0.0	-0.98636794090271	-0.98636794090271	0.0	0.16455529630184174
-1.6570014953613281	0.3913012742996216	-0.10967191308736801	0.22732284665107727	0.4826693832874298	1.0	0	0.0	0	0.0	0	0.0	1.0	0.0	-0.16455529630184174	0.0	-0.98636794090271	-0.98636794090271	0.0	0.16455529630184174
-1.323039174079895	0.3913012742996216	-1.1439111232757568	0.34959712624549866	0.41335225105285645	1.0	0	0.0	0	0.0	0	0.0	1.0	0.0	-0.16455529630184174	0.0	-0.98636794090271	-0.98636794090271	0.0	0.16455529630184174
1.5182801485061646	-0.43490612506866455	-1.112203598022461	0.6359938383102417	0.49816420674324036	1.0	0	0.0	0	0.0	0	0.0	-1.0	0.0	-0.1645704209804535	0.0	-0.9863653182983398	0.9863653182983398	0.0	-0.1645704209804535
1.7095706462860107	-0.43490612506866455	-0.10848293453454971	0.5065833330154419	0.5014246702194214	1.0	0	0.0	0	0.0	0	0.0	-1.0	0.0	-0.16457043588161469	0.0	-0.9863653779029846	0.9863653779029846	0.0	-0.16457043588161469
1.401055932044983	-0.43490612506866455	-1.131626009941101	0.6408647298812866	0.48256510496139526	1.0	0	0.0	0	0.0	0	0.0	-1.0	0.0	-0.1645704209804535	0.0	-0.9863653182983398	0.9863653182983398	0.0	-0.1645704209804535
1.5182801485061646	-0.02558732219040394	-1.112203598022461	0.9471603631973267	0.4205939769744873	1.0	0	0.0	0	0.0	0	0.9140494465827942	0.16298502683639526	-0.3714156150817871	-0.17552828788757324	0.9844743609428406	3.5115721402689815e-05	0.3656548857688904	0.06516184657812119	0.9284667372703552
1.8525607585906982	0.3913012742996216	-0.10660332441329956	0.9999974966049194	0.5601258873939514	1.0	0	0.0	0	0.0	0	0.9140494465827942	0.16298502683639526	-0.3714156150817871	-0.17552828788757324	0.9844743609428406	3.511018439894542e-05	0.3656548857688904	0.06516185402870178	0.9284667372703552
1.926896572113037	-0.02558732219040394	-0.10660329461097717	0.9471893310546875	0.5601279735565186	1.0	0	0.0	0	0.0	0	0.9140494465827942	0.16298502683639526	-0.3714156150817871	-0.17552830278873444	0.9844743609428406	3.5099121305393055e-05	0.3656548857688904	0.06516186892986298	0.9284667372703552
-1.323039174079895	-0.43490612506866455	-1.1439111232757568	0.6991932392120361	0.11004327237606049	1.0	0	0.0	0	0.0	0	-0.07408467680215836	-0.9969650506973267	-0.023922409862279892	-0.16445672512054443	0.03587367758154869	-0.9857317209243774	0.9835982918739319	-0.06909342110157013	-0.166615292429924
-0.0025533707812428474	-0.5573369860649109	-0.13098955154418945	0.5450834631919861	0.26763176918029785	1.0	0	0.0	0	0.0	0	-0.07408467680215836	-0.9969650506973267	-0.023922409862279892	-0.16445672512054443	0.03587367758154869	-0.9857317209243774	0.9835982918739319	-0.06909342110157013	-0.166615292429924
-1.6570014953613281	-0.43490612506866455	-0.10967191308736801	0.5769199728965759	0.04072417691349983	1.0	0	0.0	0	0.0	0	-0.07408467680215836	-0.9969650506973267	-0.023922409862279892	-0.16445674002170563	0.03587367758154869	-0.9857317209243774	0.9835982918739319	-0.06909341365098953	-0.1666153073310852
1.401055932044983	0.3913012742996216	-1.131626009941101	0.2912735939025879	0.040829338133335114	1.0	0	0.0	0	0.0	0	0.0	1.0	0.0	-0.16455557942390442	0.0	-0.9863678216934204	-0.9863678216934204	0.0	0.16455557942390442
-0.0025533707812428474	0.3913012742996216	-0.13098955154418945	0.19549688696861267	0.25576478242874146	1.0	0	0.0	0	0.0	0	0.0	1.0	0.0	-0.16455556452274323	0.0	-0.9863678812980652	-0.9863678812980652	0.0	0.16455556452274323
1.7095706462860107	0.3913012742996216	-0.10848298668861389	0.15699240565299988	0.021967576816678047	1.0	0	0.0	0	0.0	0	0.0	1.0	0.0	-0.16455556452274323	0.0	-0.9863678216934204	-0.9863678216934204	0.0	0.16455556452274323
-1.936086893081665	0.3913012742996216	0.001144210807979107	0.8039680123329163	0.1544998437166214	1.0	0	0.0	0	0.0	0	-0.915295422077179	0.20327264070510864	-0.34772753715515137	-0.2167646288871765	-0.9762239456176758	-0.00010334213584428653	-0.3394809663295746	0.07528044283390045	0.9375956058502197
-1.9877371788024902	-0.02558732219040394	-0.10660332441329956	0.8567769527435303	0.13955378532409668	1.0	0	0.0	0	0.0	0	-0.915295422077179	0.20327264070510864	-0.34772753715515137	-0.2167646288871765	-0.976223886013031	-0.00010334213584428653	-0.3394809663295746	0.07528045028448105	0.9375956654548645
-2.0286712646484375	-0.02558732219040394	0.001144210807979107	0.8567734360694885	0.15450596809387207	1.0	0	0.0	0	0.0	0	-0.915295422077179	0.20327264070510864	-0.34772753715515137	-0.2167646437883377	-0.9762239456176758	-0.00010335250408388674	-0.3394809365272522	0.07528043538331985	0.9375956058502197
-1.936086893081665	-0.43490612506866455	0.001144210807979107	0.9086358547210693	0.15449988842010498	1.0	0	0.0	0	0.0	0	-0.9145904183387756	-0.20687244832515717	-0.34745967388153076	0.2205803394317627	-0.975368857383728	0.00010438942263135687	-0.338922917842865	-0.0765472948551178	0.9376949071884155
-1.9877371788024902	-0.02558732219040394	-0.10660332441329956	0.8567769527435303	0.13955378532409668	1.0	0	0.0	0	0.0	0	-0.9145904183387756	-0.20687244832515717	-0.34745967388153076	0.2205803394317627	-0.9753687977790833	0.00010439976904308423	-0.338922917842865	-0.0765472874045372	0.9376949667930603
-1.8951528072357178	-0.43490612506866455	-0.10660332441329956	0.9086393713951111	0.1395477056503296	1.0	0	0.0	0	0.0	0	-0.9145904183387756	-0.20687244832515717	-0.34745967388153076	0.2205803394317627	-0.975368857383728	0.00010439459583722055	-0.338922917842865	-0.0765472874045372	0.9376949071884155
1.5182801485061646	-0.02558732219040394	-1.112203598022461	0.9471603631973267	0.4205939769744873	1.0	0	0.0	0	0.0	0	0.9489433169364929	0.0	-0.3154467046260834	0.0	1.0	0.0	0.3154467046260834	0.0	0.9489433169364929
1.8525607585906982	-0.43490612506866455	-0.10660326480865479	0.8953295946121216	0.5601258873939514	1.0	0	0.0	0	0.0	0	0.9489433169364929	0.0	-0.3154467046260834	0.0	1.0	0.0	0.3154467046260834	0.0	0.9489433169364929
1.5182801485061646	-0.43490612506866455	-1.112203598022461	0.8953059315681458	0.4205939769744873	1.0	0	0.0	0	0.0	0	0.9489433169364929	0.0	-0.3154467046260834	0.0	1.0	0.0	0.3154467046260834	0.0	0.9489433169364929
1.8883780241012573	-0.43490612506866455	0.001144210807979107	0.8953321576118469	0.5750764012336731	1.0	0	0.0	0	0.0	0	0.9348312616348267	-0.1697733998298645	0.31187742948532104	0.17869749665260315	0.9839040637016296	-3.6114877730142325e-05	-0.306851327419281	0.05576547980308533	0.9501223564147949
1.9281196594238281	-0.02558732219040394	0.10483790934085846	0.9471893906593323	0.589464545249939	1.0	0	0.0	0	0.0	0	0.9348312616348267	-0.1697733998298645	0.31187742948532104	0.17869749665260315	0.9839041233062744	-3.614283923525363e-05	-0.3068512976169586	0.05576549842953682	0.9501223564147949
1.8537838459014893	-0.43490612506866455	0.10483789443969727	0.8953297138214111	0.5894624590873718	1.0	0	0.0	0	0.0	0	0.9348312616348267	-0.1697733998298645	0.31187742948532104	0.17869749665260315	0.9839040637016296	-3.610009662224911e-05	-0.306851327419281	0.05576546490192413	0.9501223564147949
-1.5131179094314575	-0.02558732219040394	1.110487461090088	0.8568178415298462	0.30838823318481445	1.0	0	0.0	0	0.0	0	-0.9343862533569336	0.0	0.3562615215778351	-2.0012025458981952e-07	-1.0	-5.248661523182818e-07	0.3562615215778351	-5.6172291351686e-07	0.9343862533569336
-1.8965506553649902	-0.43490612506866455	0.10483795404434204	0.9086392521858215	0.1688843071460724	1.0	0	0.0	0	0.0	0	-0.9343862533569336	0.0	0.3562615215778351	-2.0012028301152895e-07	-1.0	-5.248662091617007e-07	0.3562615215778351	-5.617229703602789e-07	0.9343863129615784
-1.5131179094314575	-0.43490612506866455	1.110487461090088	0.9086722731590271	0.30838826298713684	1.0	0	0.0	0	0.0	0	-0.9343862533569336	0.0	0.3562615215778351	-2.0012025458981952e-07	-1.0	-5.248661523182818e-07	0.3562615215778351	-5.6172291351686e-07	0.9343862533569336
-1.9891350269317627	-0.02558732219040394	0.10483792424201965	0.8567768335342407	0.16889038681983948	1.0	0	0.0	0	0.0	0	-0.9141913652420044	-0.20678214728832245	0.3485618531703949	0.22065596282482147	-0.9753517508506775	0.00010451224079588428	0.33994877338409424	0.07700778543949127	0.9372857809066772
-1.936086893081665	-0.43490612506866455	0.001144210807979107	0.9086358547210693	0.15449988842010498	1.0	0	0.0	0	0.0	0	-0.9141913652420044	-0.20678214728832245	0.3485618531703949	0.22065593302249908	-0.9753516912460327	0.000104501836176496	0.33994877338409424	0.07700777053833008	0.9372857809066772
-1.8965506553649902	-0.43490612506866455	0.10483795404434204	0.9086392521858215	0.1688843071460724	1.0	0	0.0	0	0.0	0	-0.9141913652420044	-0.20678214728832245	0.3485618531703949	0.22065594792366028	-0.9753517508506775	0.00010451223351992667	0.33994877338409424	0.07700778543949127	0.9372857213020325
1.926896572113037	-0.02558732219040394	-0.10660329461097717	0.9471893310546875	0.5601279735565186	1.0	0	0.0	0	0.0	0	0.9351580142974854	-0.1698327511548996	-0.3108639419078827	0.17867419123649597	0.9839082360267639	-3.621498035499826e-05	0.3058677315711975	-0.05550949275493622	0.9504544138908386
1.8883780241012573	-0.43490612506866455	0.001144210807979107	0.8953321576118469	0.5750764012336731	1.0	0	0.0	0	0.0	0	0.9351580142974854	-0.1698327511548996	-0.3108639419078827	0.17867419123649597	0.9839082956314087	-3.621035284595564e-05	0.3058677613735199	-0.055509500205516815	0.9504544734954834
1.8525607585906982	-0.43490612506866455	-0.10660326480865479	0.8953295946121216	0.5601258873939514	1.0	0	0.0	0	0.0	0	0.9351580142974854	-0.1698327511548996	-0.3108639419078827	0.17867420613765717	0.9839083552360535	-3.621498399297707e-05	0.3058677315711975	-0.05550949648022652	0.9504544138908386
1.401055932044983	-0.02558732219040394	1.1353880167007446	0.7510847449302673	0.01626361347734928	1.0	0	0.0	0	0.0	0	0.20778223872184753	0.0	0.978175163269043	-1.1644337973848451e-05	1.0	2.4734695216466207e-06	-0.978175163269043	-1.1904145139851607e-05	0.20778223872184753
-0.0025533707812428474	-0.3345976769924164	1.4335402250289917	0.7108463644981384	0.2109920233488083	1.0	0	0.0	0	0.0	0	0.20778223872184753	0.0	0.978175163269043	-1.164433706435375e-05	1.0	2.4734692942729453e-06	-0.978175163269043	-1.1904144230356906e-05	0.20778223872184753
1.401055932044983	-0.43490612506866455	1.1353880167007446	0.6992526054382324	0.01626427471637726	1.0	0	0.0	0	0.0	0	0.20778223872184753	0.0	0.978175163269043	-1.1644337973848451e-05	1.0	2.4734692942729453e-06	-0.9781751036643982	-1.1904143320862204e-05	0.20778222382068634
-1.323039174079895	-0.02558732219040394	-1.1439111232757568	0.7510266304016113	0.44696855545043945	1.0	0	0.0	0	0.0	0	-0.16453899443149567	0.0	-0.9863706231117249	-8.920601430872921e-06	1.0	1.4880682783768862e-06	0.9863706231117249	9.043864338309504e-06	-0.16453899443149567
-0.0025533707812428474	-0.3345976769924164	-1.3641847372055054	0.7110856771469116	0.6301898956298828	1.0	0	0.0	0	0.0	0	-0.16453899443149567	0.0	-0.9863706231117249	-8.920600521378219e-06	1.0	1.4880681646900484e-06	0.9863706231117249	9.043863428814802e-06	-0.16453899443149567
-1.323039174079895	-0.43490612506866455	-1.1439111232757568	0.6991940140724182	0.44696804881095886	1.0	0	0.0	0	0.0	0	-0.16453899443149567	0.0	-0.9863706231117249	-8.920601430872921e-06	1.0	1.4880683920637239e-06	0.9863705635070801	9.043863428814802e-06	-0.16453897953033447
1.401055932044983	-0.02558732219040394	-1.131626009941101	0.7510718107223511	0.8249237537384033	1.0	0	0.0	0	0.0	0	0.16345760226249695	0.0	-0.9865503907203674	-1.0495998139958829e-05	1.0	-1.7390400444128318e-06	0.9865503907203674	1.0639089850883465e-05	0.16345760226249695
1.5182801485061646	-0.43490612506866455	-1.112203598022461	0.6993107199668884	0.8411865830421448	1.0	0	0.0	0	0.0	0	0.16345760226249695	0.0	-0.9865503907203674	-1.0495998139958829e-05	1.0	-1.7390400444128318e-06	0.9865503907203674	1.0639089850883465e-05	0.16345760226249695
1.401055932044983	-0.43490612506866455	-1.131626009941101	0.6992392539978027	0.8249231576919556	1.0	0	0.0	0	0.0	0	0.16345760226249695	0.0	-0.9865503907203674	-1.0495998139958829e-05	1.0	-1.7390400444128318e-06	0.9865503907203674	1.0639089850883465e-05	0.16345760226249695
1.8537838459014893	-0.43490612506866455	0.10483789443969727	0.8953297138214111	0.5894624590873718	1.0	0	0.0	0	0.0	0	0.9486020803451538	0.0	0.31647157669067383	0.0	1.0	0.0	-0.31647157669067383	0.0	0.9486020803451538
1.5182801485061646	-0.02558732219040394	1.110487461090088	0.9471604228019714	0.7289822101593018	1.0	0	0.0	0	0.0	0	0.9486020803451538	0.0	0.31647157669067383	0.0	1.0	0.0	-0.31647157669067383	0.0	0.9486020803451538
1.5182801485061646	-0.43490612506866455	1.110487461090088	0.8953059911727905	0.7289822101593018	1.0	0	0.0	0	0.0	0	0.9486020803451538	0.0	0.31647157669067383	0.0	1.0	0.0	-0.31647157669067383	0.0	0.9486020803451538
-1.8951528072357178	-0.43490612506866455	-0.10660332441329956	0.9086393713951111	0.1395477056503296	1.0	0	0.0	0	0.0	0	-0.9348124265670776	0.0	-0.35514208674430847	1.9789527527791506e-07	-1.0	-5.209040523368458e-07	-0.35514208674430847	-5.572284749177925e-07	0.9348124265670776
-1.5131179094314575	-0.02558732219040394	-1.112203598022461	0.856817901134491	1.6539745573140863e-08	1.0	0	0.0	0	0.0	0	-0.9348124265670776	0.0	-0.35514208674430847	1.9789527527791506e-07	-1.0	-5.209040523368458e-07	-0.35514208674430847	-5.572284749177925e-07	0.9348124265670776
-1.5131179094314575	-0.43490612506866455	-1.112203598022461	0.9086723327636719	4.961923494306575e-08	1.0	0	0.0	0	0.0	0	-0.9348124265670776	0.0	-0.35514208674430847	1.9789527527791506e-07	-1.0	-5.209040523368458e-07	-0.35514208674430847	-5.572284749177925e-07	0.9348124265670776
-1.323039174079895	-0.02558732219040394	1.151138186454773	0.7510261535644531	0.3942185044288635	1.0	0	0.0	0	0.0	0	-0.20913343131542206	0.0	0.9778870940208435	-1.1543971595529001e-05	1.0	-2.4688233679626137e-06	-0.9778870940208435	-1.1805014764831867e-05	-0.20913343131542206
-1.5131179094314575	-0.43490612506866455	1.110487461090088	0.6993451714515686	0.4205939769744873	1.0	0	0.0	0	0.0	0	-0.20913343131542206	0.0	0.9778870940208435	-1.15439706860343e-05	1.0	-2.4688233679626137e-06	-0.9778870940208435	-1.1805013855337165e-05	-0.20913343131542206
-1.323039174079895	-0.43490612506866455	1.151138186454773	0.6991940140724182	0.39421916007995605	1.0	0	0.0	0	0.0	0	-0.20913343131542206	0.0	0.9778870940208435	-1.15439706860343e-05	1.0	-2.4688233679626137e-06	-0.9778870940208435	-1.1805013855337165e-05	-0.20913343131542206
-0.0025533707812428474	-0.3345976769924164	-1.3641847372055054	0.7110856771469116	0.6301898956298828	1.0	0	0.0	0	0.0	0	0.16345779597759247	0.0	-0.9865503907203674	-1.0468162145116366e-05	1.0	-1.734430156830058e-06	0.9865503907203674	1.0610874596750364e-05	0.16345779597759247
1.401055932044983	-0.02558732219040394	-1.131626009941101	0.7510718107223511	0.8249237537384033	1.0	0	0.0	0	0.0	0	0.16345779597759247	0.0	-0.9865503907203674	-1.0468162145116366e-05	1.0	-1.734430156830058e-06	0.9865503907203674	1.0610874596750364e-05	0.16345779597759247
1.401055932044983	-0.43490612506866455	-1.131626009941101	0.6992392539978027	0.8249231576919556	1.0	0	0.0	0	0.0	0	0.16345779597759247	0.0	-0.9865503907203674	-1.0468161235621665e-05	1.0	-1.7344300431432202e-06	0.9865503907203674	1.0610873687255662e-05	0.16345779597759247
1.5182801485061646	-0.02558732219040394	1.110487461090088	0.7511773109436035	6.781295383007091e-07	1.0	0	0.0	0	0.0	0	0.20778220891952515	0.0	0.978175163269043	-1.1650527085294016e-05	1.0	2.4747837414906826e-06	-0.9781751036643982	-1.1910469766007736e-05	0.20778219401836395
1.401055932044983	-0.43490612506866455	1.1353880167007446	0.6992526054382324	0.01626427471637726	1.0	0	0.0	0	0.0	0	0.20778220891952515	0.0	0.978175163269043	-1.1650526175799314e-05	1.0	2.4747837414906826e-06	-0.978175163269043	-1.191047158499714e-05	0.20778220891952515
1.5182801485061646	-0.43490612506866455	1.110487461090088	0.6993451714515686	1.3397193470154889e-06	1.0	0	0.0	0	0.0	0	0.20778220891952515	0.0	0.978175163269043	-1.1650526175799314e-05	1.0	2.4747837414906826e-06	-0.978175163269043	-1.191047158499714e-05	0.20778220891952515
1.5182801485061646	0.3913012742996216	-1.112203598022461	0.2864028811454773	0.025230156257748604	1.0	0	0.0	0	0.0	0	0.0	1.0	0.0	-0.16455566883087158	0.0	-0.9863678812980652	-0.9863678812980652	0.0	0.16455566883087158
1.7095706462860107	0.3913012742996216	-0.10848298668861389	0.15699240565299988	0.021967576816678047	1.0	0	0.0	0	0.0	0	0.0	1.0	0.0	-0.16455566883087158	0.0	-0.9863678812980652	-0.9863678812980652	0.0	0.16455566883087158
1.8525607585906982	0.3913012742996216	-0.10660332441329956	0.15377667546272278	0.0024417294189333916	1.0	0	0.0	0	0.0	0	0.0	1.0	0.0	-0.16455566883087158	0.0	-0.9863678216934204	-0.9863678216934204	0.0	0.16455566883087158
1.401055932044983	-0.43490612506866455	-1.131626009941101	0.6408647298812866	0.48256510496139526	1.0	0	0.0	0	0.0	0	-0.0408429317176342	-0.9832556843757629	-0.177595317363739	-0.16178634762763977	0.1819061040878296	-0.9699151515960693	0.9859802722930908	-0.010881680063903332	-0.16650693118572235
-0.0025533707812428474	-0.5573369860649109	-0.13098955154418945	0.5450834631919861	0.26763176918029785	1.0	0	0.0	0	0.0	0	-0.0408429317176342	-0.9832556843757629	-0.177595317363739	-0.16178634762763977	0.1819061040878296	-0.9699152112007141	0.985980212688446	-0.010881679132580757	-0.16650691628456116
-0.0025533707812428474	-0.3345976769924164	-1.3641847372055054	0.6991940140724182	0.2957831919193268	1.0	0	0.0	0	0.0	0	-0.0408429317176342	-0.9832556843757629	-0.177595317363739	-0.16178634762763977	0.1819061040878296	-0.9699152112007141	0.985980212688446	-0.010881679132580757	-0.16650691628456116
-0.0025533707812428474	-0.5573369860649109	0.001144210807979107	0.5285723805427551	0.26461470127105713	1.0	0	0.0	0	0.0	0	0.07127929478883743	-0.9974563717842102	0.0	-0.1645604372024536	-0.011759663932025433	-0.9862968921661377	0.9837881326675415	0.07030254602432251	-0.16498008370399475
1.7106993198394775	-0.43490612506866455	0.10716543346643448	0.47961294651031494	0.496655136346817	1.0	0	0.0	0	0.0	0	0.07127929478883743	-0.9974563717842102	0.0	-0.16456042230129242	-0.011759663000702858	-0.9862968921661377	0.9837881326675415	0.07030254602432251	-0.16498006880283356
-0.0025533707812428474	-0.5573369860649109	0.1350346803665161	0.5118417739868164	0.26155754923820496	1.0	0	0.0	0	0.0	0	0.07127929478883743	-0.9974563717842102	0.0	-0.1645604521036148	-0.011759665794670582	-0.9862969517707825	0.9837881922721863	0.0703025534749031	-0.16498009860515594
1.7426270246505737	0.3913012742996216	0.001144210807979107	0.1426045298576355	0.019946618005633354	1.0	0	0.0	0	0.0	0	0.0	1.0	0.0	-0.1645532250404358	0.0	-0.9863681793212891	-0.9863681793212891	0.0	0.1645532250404358
1.8537838459014893	0.3913012742996216	0.10483792424201965	0.12732991576194763	0.007101786322891712	1.0	0	0.0	0	0.0	0	0.0	1.0	0.0	-0.1645532250404358	0.0	-0.9863681793212891	-0.9863681793212891	0.0	0.1645532250404358
1.8883780241012573	0.3913012742996216	0.001144210807979107	0.1395660936832428	0.0	1.0	0	0.0	0	0.0	0	0.0	1.0	0.0	-0.16455323994159698	0.0	-0.9863682389259338	-0.9863682389259338	0.0	0.16455323994159698
1.7095706462860107	-0.43490612506866455	-0.10848293453454971	0.5065833330154419	0.5014246702194214	1.0	0	0.0	0	0.0	0	0.07132603973150253	-0.9974530339241028	0.0	-0.16456128656864166	-0.011767476797103882	-0.9862966537475586	0.9837846159934998	0.07034863531589508	-0.16498148441314697
-0.0025533707812428474	-0.5573369860649109	0.001144210807979107	0.5285723805427551	0.26461470127105713	1.0	0	0.0	0	0.0	0	0.07132603973150253	-0.9974530339241028	0.0	-0.16456130146980286	-0.011767477728426456	-0.9862967133522034	0.9837846755981445	0.07034863531589508	-0.16498149931430817
-0.0025533707812428474	-0.5573369860649109	-0.13098955154418945	0.5450834631919861	0.26763176918029785	1.0	0	0.0	0	0.0	0	0.07132603973150253	-0.9974530339241028	0.0	-0.16456128656864166	-0.011767476797103882	-0.9862966537475586	0.9837846159934998	0.07034863531589508	-0.16498148441314697
1.8525607585906982	0.3913012742996216	-0.10660332441329956	0.15377667546272278	0.0024417294189333916	1.0	0	0.0	0	0.0	0	0.0	1.0	0.0	-0.16455522179603577	0.0	-0.98636794090271	-0.98636794090271	0.0	0.16455522179603577
1.7426270246505737	0.3913012742996216	0.001144210807979107	0.1426045298576355	0.019946618005633354	1.0	0	0.0	0	0.0	0	0.0	1.0	0.0	-0.1645553559064865	0.0	-0.9863678812980652	-0.9863678812980652	0.0	0.1645553559064865
1.8883780241012573	0.3913012742996216	0.001144210807979107	0.1395660936832428	0.0	1.0	0	0.0	0	0.0	0	0.0	1.0	0.0	-0.16455484926700592	0.0	-0.9863680005073547	-0.9863680005073547	0.0	0.16455484926700592
1.7106993198394775	0.3913012742996216	0.10716545581817627	0.13002192974090576	0.02673664689064026	1.0	0	0.0	0	0.0	0	0.0	1.0	0.0	-0.1645548939704895	0.0	-0.9863678812980652	-0.9863678812980652	0.0	0.1645548939704895
1.5182801485061646	0.3913012742996216	1.110487461090088	0.008660348132252693	0.0759771391749382	1.0	0	0.0	0	0.0	0	0.0	1.0	0.0	-0.1645548939704895	0.0	-0.9863678812980652	-0.9863678812980652	0.0	0.1645548939704895
1.8537838459014893	0.3913012742996216	0.10483792424201965	0.12732991576194763	0.007101786322891712	1.0	0	0.0	0	0.0	0	0.0	1.0	0.0	-0.1645549088716507	0.0	-0.9863680005073547	-0.9863680005073547	0.0	0.1645549088716507
1.5182801485061646	0.3913012742996216	1.110487461090088	0.8039680123329163	0.0	1.0	0	0.0	0	0.0	0	0.20778219401836395	0.0	0.9781751036643982	-1.1724951946234796e-05	1.0	2.490593260517926e-06	-0.9781751036643982	-1.1986557183263358e-05	0.20778219401836395
1.401055932044983	-0.02558732219040394	1.1353880167007446	0.7510847449302673	0.01626361347734928	1.0	0	0.0	0	0.0	0	0.20778219401836395	0.0	0.9781751036643982	-1.1724951946234796e-05	1.0	2.490593260517926e-06	-0.9781751036643982	-1.1986557183263358e-05	0.20778219401836395
1.5182801485061646	-0.02558732219040394	1.110487461090088	0.7511773109436035	6.781295383007091e-07	1.0	0	0.0	0	0.0	0	0.20778219401836395	0.0	0.9781751036643982	-1.1724951946234796e-05	1.0	2.490593260517926e-06	-0.9781751036643982	-1.1986557183263358e-05	0.20778219401836395
